11001011 01010000 01011010 10101011 10101010 10100101 01010000 01010101
01011110 10101111 10101010 10100000 01010100 01010101 01010111 10101011
11101010 10101000 01010100 00010101 01010111 10101011 11101010 10101000
01010101 00010101 01010101 10101010 11111010 10101010 01010101 01000101
01010101 10101010 10111010 10101010 00010101 01000101 01010101 01101010
10111110 10101010 10010101 01000001 01010101 01111010 10101011 10101010
10101101 01010100 01010101 01010010 10101011 10101010 10101101 01010101
01010101 01010010 10101010 11101010 10101011 01010101 00010101 01010100
10101010 11101010 10101011 01010101 01010101 01010100 10101010 10111010
10101010 11010101 01000101 01010101 00101010 10111010 10101010 11010101
01000001 01010101 01101010 10101110 10101010 10110101 01010001 01010101
01001010 10101110 10101010 10100101 01010101 01010101 01011010 10101011
10101010 10100101 01010100 01010101 01010110 10101011 10101010 10101101
01010100 00010101 01010110 10101010 11101010 10101011 01010101 00010101
01010000 10101010 11101010 10101011 01010101 01000101 01010100 00101010
10111010 10101011 11010101 01000101 01010101 00101010 10101010 10101010
11010101 01010101 01010101 01101010 10101010 10101010 10010101 01010001
01010101 01011010 10101110 10101010 10100101 01010001 01010101 01011010
10101011 10101010 10100101 01010100 01010101 01010010